{
  "height": 38,
  "width": 218,
  "x": 898.6375122070312,
  "y": 394.79999390244484
}