{
  "height": 38,
  "width": 136,
  "x": 399.7375183105469,
  "y": 394.8000183105469
}