{
  "height": 38,
  "width": 218,
  "x": 898.6375122070312,
  "y": 554.8000030517578
}