{
  "height": 38,
  "width": 218,
  "x": 588.4874877929688,
  "y": 394.8000183105469
}