{
  "height": 38,
  "width": 136,
  "x": 399.7375183105469,
  "y": 554.7999877929688
}