{
  "height": 38,
  "width": 528,
  "x": 588.4874877929688,
  "y": 600.7999877929688
}