{
  "height": 38,
  "width": 528,
  "x": 588.4874877929688,
  "y": 440.7999954223633
}